> from tabulate import tabulate
> print tabulate(sp500.tail(100), headers='keys', tablefmt='psql', showindex=True)

(then grab it all and seperate by the find-all on the '\n' to seperate the rows)

+---------------------------+---------+---------+---------+---------+-------------+-------------+----------------+
| Date                      |    Open |    High |     Low |   Close |      Volume |   Dividends |   Stock Splits |
|---------------------------+---------+---------+---------+---------+-------------+-------------+----------------|
| 2024-12-20 00:00:00-05:00 | 5842    | 5982.06 | 5832.3  | 5930.85 | 8.22322e+09 |           0 |              0 |
| 2024-12-23 00:00:00-05:00 | 5940.25 | 5978.25 | 5902.57 | 5974.07 | 3.59328e+09 |           0 |              0 |
| 2024-12-24 00:00:00-05:00 | 5984.63 | 6040.1  | 5981.44 | 6040.04 | 1.75772e+09 |           0 |              0 |
| 2024-12-26 00:00:00-05:00 | 6024.97 | 6049.75 | 6007.37 | 6037.59 | 2.90453e+09 |           0 |              0 |
| 2024-12-27 00:00:00-05:00 | 6006.17 | 6006.17 | 5932.95 | 5970.84 | 3.15961e+09 |           0 |              0 |
| 2024-12-30 00:00:00-05:00 | 5920.67 | 5940.79 | 5869.16 | 5906.94 | 3.43325e+09 |           0 |              0 |
| 2024-12-31 00:00:00-05:00 | 5919.74 | 5929.74 | 5868.86 | 5881.63 | 3.12835e+09 |           0 |              0 |
| 2025-01-02 00:00:00-05:00 | 5903.26 | 5935.09 | 5829.53 | 5868.55 | 3.62168e+09 |           0 |              0 |
| 2025-01-03 00:00:00-05:00 | 5891.07 | 5949.34 | 5888.66 | 5942.47 | 3.66734e+09 |           0 |              0 |
| 2025-01-06 00:00:00-05:00 | 5982.81 | 6021.04 | 5960.01 | 5975.38 | 4.94012e+09 |           0 |              0 |
| 2025-01-07 00:00:00-05:00 | 5993.26 | 6000.68 | 5890.68 | 5909.03 | 4.51733e+09 |           0 |              0 |
| 2025-01-08 00:00:00-05:00 | 5910.66 | 5927.89 | 5874.78 | 5918.25 | 4.44174e+09 |           0 |              0 |
| 2025-01-10 00:00:00-05:00 | 5890.35 | 5890.35 | 5807.78 | 5827.04 | 4.75193e+09 |           0 |              0 |
| 2025-01-13 00:00:00-05:00 | 5782.02 | 5838.61 | 5773.31 | 5836.22 | 4.4212e+09  |           0 |              0 |
| 2025-01-14 00:00:00-05:00 | 5859.27 | 5871.92 | 5805.42 | 5842.91 | 4.14228e+09 |           0 |              0 |
| 2025-01-15 00:00:00-05:00 | 5905.21 | 5960.61 | 5905.21 | 5949.91 | 4.54457e+09 |           0 |              0 |
| 2025-01-16 00:00:00-05:00 | 5963.61 | 5964.69 | 5930.72 | 5937.34 | 4.28581e+09 |           0 |              0 |
| 2025-01-17 00:00:00-05:00 | 5995.4  | 6014.96 | 5978.44 | 5996.66 | 4.36683e+09 |           0 |              0 |
| 2025-01-21 00:00:00-05:00 | 6014.12 | 6051.51 | 6006.88 | 6049.24 | 4.70292e+09 |           0 |              0 |
| 2025-01-22 00:00:00-05:00 | 6081.39 | 6100.81 | 6076.13 | 6086.37 | 4.32304e+09 |           0 |              0 |
| 2025-01-23 00:00:00-05:00 | 6076.32 | 6118.73 | 6074.67 | 6118.71 | 4.43225e+09 |           0 |              0 |
| 2025-01-24 00:00:00-05:00 | 6121.43 | 6128.18 | 6088.74 | 6101.24 | 4.21425e+09 |           0 |              0 |
| 2025-01-27 00:00:00-05:00 | 5969.04 | 6017.17 | 5962.92 | 6012.28 | 5.19875e+09 |           0 |              0 |
| 2025-01-28 00:00:00-05:00 | 6026.97 | 6074.54 | 5994.63 | 6067.7  | 4.47364e+09 |           0 |              0 |
| 2025-01-29 00:00:00-05:00 | 6057.7  | 6062.83 | 6012.96 | 6039.31 | 4.11531e+09 |           0 |              0 |
| 2025-01-30 00:00:00-05:00 | 6050.75 | 6086.64 | 6027.46 | 6071.17 | 4.63462e+09 |           0 |              0 |
| 2025-01-31 00:00:00-05:00 | 6096.79 | 6120.91 | 6030.93 | 6040.53 | 4.84377e+09 |           0 |              0 |
| 2025-02-03 00:00:00-05:00 | 5969.65 | 6022.13 | 5923.93 | 5994.57 | 4.79721e+09 |           0 |              0 |
| 2025-02-04 00:00:00-05:00 | 5998.14 | 6042.48 | 5990.87 | 6037.88 | 4.41016e+09 |           0 |              0 |
| 2025-02-05 00:00:00-05:00 | 6020.45 | 6062.86 | 6007.06 | 6061.48 | 4.75625e+09 |           0 |              0 |
| 2025-02-06 00:00:00-05:00 | 6072.22 | 6084.03 | 6046.83 | 6083.57 | 4.84712e+09 |           0 |              0 |
| 2025-02-07 00:00:00-05:00 | 6083.13 | 6101.28 | 6019.96 | 6025.99 | 4.7669e+09  |           0 |              0 |
| 2025-02-10 00:00:00-05:00 | 6046.4  | 6073.38 | 6044.84 | 6066.44 | 4.45876e+09 |           0 |              0 |
| 2025-02-11 00:00:00-05:00 | 6049.32 | 6076.28 | 6042.34 | 6068.5  | 4.32488e+09 |           0 |              0 |
| 2025-02-12 00:00:00-05:00 | 6025.08 | 6063    | 6003    | 6051.97 | 4.62796e+09 |           0 |              0 |
| 2025-02-13 00:00:00-05:00 | 6060.59 | 6116.91 | 6050.95 | 6115.07 | 4.7638e+09  |           0 |              0 |
| 2025-02-14 00:00:00-05:00 | 6115.52 | 6127.47 | 6107.62 | 6114.63 | 4.33519e+09 |           0 |              0 |
| 2025-02-18 00:00:00-05:00 | 6121.6  | 6129.63 | 6099.51 | 6129.58 | 4.68498e+09 |           0 |              0 |
| 2025-02-19 00:00:00-05:00 | 6117.76 | 6147.43 | 6111.15 | 6144.15 | 4.56233e+09 |           0 |              0 |
| 2025-02-20 00:00:00-05:00 | 6134.5  | 6134.5  | 6084.59 | 6117.52 | 4.81369e+09 |           0 |              0 |
| 2025-02-21 00:00:00-05:00 | 6114.1  | 6114.82 | 6008.56 | 6013.13 | 5.43456e+09 |           0 |              0 |
| 2025-02-24 00:00:00-05:00 | 6026.69 | 6043.65 | 5977.83 | 5983.25 | 4.99012e+09 |           0 |              0 |
| 2025-02-25 00:00:00-05:00 | 5982.73 | 5992.65 | 5908.49 | 5955.25 | 5.37469e+09 |           0 |              0 |
| 2025-02-26 00:00:00-05:00 | 5970.87 | 6009.82 | 5932.69 | 5956.06 | 4.86958e+09 |           0 |              0 |
| 2025-02-27 00:00:00-05:00 | 5981.88 | 5993.69 | 5858.78 | 5861.57 | 5.05768e+09 |           0 |              0 |
| 2025-02-28 00:00:00-05:00 | 5856.74 | 5959.4  | 5837.66 | 5954.5  | 6.44114e+09 |           0 |              0 |
| 2025-03-03 00:00:00-05:00 | 5968.33 | 5986.09 | 5810.91 | 5849.72 | 5.61385e+09 |           0 |              0 |
| 2025-03-04 00:00:00-05:00 | 5811.98 | 5865.08 | 5732.59 | 5778.15 | 6.13811e+09 |           0 |              0 |
| 2025-03-05 00:00:00-05:00 | 5781.36 | 5860.59 | 5742.35 | 5842.63 | 5.28597e+09 |           0 |              0 |
| 2025-03-06 00:00:00-05:00 | 5785.87 | 5812.08 | 5711.64 | 5738.52 | 5.16508e+09 |           0 |              0 |
| 2025-03-07 00:00:00-05:00 | 5726.01 | 5783.01 | 5666.29 | 5770.2  | 5.70514e+09 |           0 |              0 |
| 2025-03-10 00:00:00-04:00 | 5705.37 | 5705.37 | 5564.02 | 5614.56 | 6.40937e+09 |           0 |              0 |
| 2025-03-11 00:00:00-04:00 | 5603.65 | 5636.3  | 5528.41 | 5572.07 | 6.22124e+09 |           0 |              0 |
| 2025-03-12 00:00:00-04:00 | 5624.84 | 5642.19 | 5546.09 | 5599.3  | 5.21983e+09 |           0 |              0 |
| 2025-03-13 00:00:00-04:00 | 5594.45 | 5597.78 | 5504.65 | 5521.52 | 5.01898e+09 |           0 |              0 |
| 2025-03-14 00:00:00-04:00 | 5563.85 | 5645.27 | 5563.85 | 5638.94 | 4.86318e+09 |           0 |              0 |
| 2025-03-17 00:00:00-04:00 | 5635.6  | 5703.52 | 5631.12 | 5675.12 | 5.03177e+09 |           0 |              0 |
| 2025-03-18 00:00:00-04:00 | 5654.53 | 5654.53 | 5597.76 | 5614.66 | 4.66627e+09 |           0 |              0 |
| 2025-03-19 00:00:00-04:00 | 5632.37 | 5715.33 | 5622.2  | 5675.29 | 4.66009e+09 |           0 |              0 |
| 2025-03-20 00:00:00-04:00 | 5646.92 | 5711.15 | 5632.33 | 5662.89 | 4.67842e+09 |           0 |              0 |
| 2025-03-21 00:00:00-04:00 | 5630.73 | 5670.84 | 5603.1  | 5667.56 | 9.36746e+09 |           0 |              0 |
| 2025-03-24 00:00:00-04:00 | 5718.08 | 5775.14 | 5718.08 | 5767.57 | 4.51799e+09 |           0 |              0 |
| 2025-03-25 00:00:00-04:00 | 5775.96 | 5786.95 | 5760.42 | 5776.65 | 4.46734e+09 |           0 |              0 |
| 2025-03-26 00:00:00-04:00 | 5771.66 | 5783.62 | 5694.41 | 5712.2  | 4.18314e+09 |           0 |              0 |
| 2025-03-27 00:00:00-04:00 | 5695.64 | 5732.28 | 5670.94 | 5693.31 | 4.40346e+09 |           0 |              0 |
| 2025-03-28 00:00:00-04:00 | 5679.2  | 5685.89 | 5572.42 | 5580.94 | 4.51333e+09 |           0 |              0 |
| 2025-03-31 00:00:00-04:00 | 5527.91 | 5627.56 | 5488.73 | 5611.85 | 5.25725e+09 |           0 |              0 |
| 2025-04-01 00:00:00-04:00 | 5597.53 | 5650.57 | 5558.52 | 5633.07 | 4.4345e+09  |           0 |              0 |
| 2025-04-02 00:00:00-04:00 | 5580.76 | 5695.31 | 5571.48 | 5670.97 | 4.24383e+09 |           0 |              0 |
| 2025-04-03 00:00:00-04:00 | 5492.74 | 5499.53 | 5390.83 | 5396.52 | 7.21047e+09 |           0 |              0 |
| 2025-04-04 00:00:00-04:00 | 5292.14 | 5292.14 | 5069.9  | 5074.08 | 8.8535e+09  |           0 |              0 |
| 2025-04-07 00:00:00-04:00 | 4953.79 | 5246.57 | 4835.04 | 5062.25 | 8.69198e+09 |           0 |              0 |
| 2025-04-08 00:00:00-04:00 | 5193.57 | 5267.47 | 4910.42 | 4982.77 | 7.40814e+09 |           0 |              0 |
| 2025-04-09 00:00:00-04:00 | 4965.28 | 5481.34 | 4948.43 | 5456.9  | 9.4896e+09  |           0 |              0 |
| 2025-04-10 00:00:00-04:00 | 5353.15 | 5353.15 | 5115.27 | 5268.05 | 6.67714e+09 |           0 |              0 |
| 2025-04-11 00:00:00-04:00 | 5255.56 | 5381.46 | 5220.77 | 5363.36 | 5.60255e+09 |           0 |              0 |
| 2025-04-14 00:00:00-04:00 | 5441.96 | 5459.46 | 5358.02 | 5405.97 | 5.03144e+09 |           0 |              0 |
| 2025-04-15 00:00:00-04:00 | 5411.99 | 5450.41 | 5386.44 | 5396.63 | 4.31711e+09 |           0 |              0 |
| 2025-04-16 00:00:00-04:00 | 5335.75 | 5367.24 | 5220.79 | 5275.7  | 4.60775e+09 |           0 |              0 |
| 2025-04-17 00:00:00-04:00 | 5305.45 | 5328.31 | 5255.58 | 5282.7  | 4.71488e+09 |           0 |              0 |
| 2025-04-21 00:00:00-04:00 | 5232.94 | 5232.94 | 5101.63 | 5158.2  | 4.22634e+09 |           0 |              0 |
| 2025-04-22 00:00:00-04:00 | 5207.67 | 5309.61 | 5207.67 | 5287.76 | 4.66695e+09 |           0 |              0 |
| 2025-04-23 00:00:00-04:00 | 5395.92 | 5469.69 | 5356.17 | 5375.86 | 5.37139e+09 |           0 |              0 |
| 2025-04-24 00:00:00-04:00 | 5381.38 | 5489.4  | 5371.96 | 5484.77 | 4.69771e+09 |           0 |              0 |
| 2025-04-25 00:00:00-04:00 | 5489.73 | 5528.11 | 5455.86 | 5525.21 | 4.23658e+09 |           0 |              0 |
| 2025-04-28 00:00:00-04:00 | 5529.22 | 5553.66 | 5468.64 | 5528.75 | 4.25788e+09 |           0 |              0 |
| 2025-04-29 00:00:00-04:00 | 5508.87 | 5571.95 | 5505.7  | 5560.83 | 4.74715e+09 |           0 |              0 |
| 2025-04-30 00:00:00-04:00 | 5499.44 | 5581.84 | 5433.24 | 5569.06 | 5.44949e+09 |           0 |              0 |
| 2025-05-01 00:00:00-04:00 | 5625.14 | 5658.91 | 5597.35 | 5604.14 | 4.93527e+09 |           0 |              0 |
| 2025-05-02 00:00:00-04:00 | 5645.88 | 5700.7  | 5642.28 | 5686.67 | 4.85438e+09 |           0 |              0 |
| 2025-05-05 00:00:00-04:00 | 5655.32 | 5683.38 | 5634.48 | 5650.38 | 4.35826e+09 |           0 |              0 |
| 2025-05-06 00:00:00-04:00 | 5605.87 | 5649.58 | 5586.04 | 5606.91 | 4.71726e+09 |           0 |              0 |
| 2025-05-07 00:00:00-04:00 | 5614.18 | 5654.73 | 5578.64 | 5631.28 | 4.98744e+09 |           0 |              0 |
| 2025-05-08 00:00:00-04:00 | 5663.6  | 5720.1  | 5635.38 | 5663.94 | 5.6274e+09  |           0 |              0 |
| 2025-05-09 00:00:00-04:00 | 5679.65 | 5691.69 | 5644.15 | 5659.91 | 4.64509e+09 |           0 |              0 |
| 2025-05-12 00:00:00-04:00 | 5807.2  | 5845.37 | 5786.08 | 5844.19 | 6.01458e+09 |           0 |              0 |
| 2025-05-13 00:00:00-04:00 | 5854.15 | 5906.64 | 5845.02 | 5886.55 | 5.51629e+09 |           0 |              0 |
| 2025-05-14 00:00:00-04:00 | 5896.74 | 5906.55 | 5872.11 | 5892.58 | 5.23345e+09 |           0 |              0 |
| 2025-05-15 00:00:00-04:00 | 5869.82 | 5924.21 | 5865.16 | 5916.93 | 4.99129e+09 |           0 |              0 |
| 2025-05-16 00:00:00-04:00 | 5929.09 | 5958.62 | 5907.36 | 5958.38 | 4.85085e+09 |           0 |              0 |
+---------------------------+---------+---------+---------+---------+-------------+-------------+----------------+